1	BRACBANK	45.9	47.1	45.6	45.9	46.8	-0.9	982	110.2590	2,378,498
2	SQURPHARMA	200.3	205.8	199.9	200.3	203.5	-3.2	3,083	106.7990	529,115
3	BEACHHATCH	43.5	45.3	43.4	43.5	44.7	-1.2	3,224	83.1770	1,881,551
4	BPPL	15.8	16.5	15.6	15.8	16.2	-0.4	2,457	77.9440	4,863,432
5	IFIC	5.9	6.2	5.7	5.9	5.8	0.1	1,311	75.1410	12,715,294
6	SPCERAMICS	21.5	23.2	21.3	21.5	22.7	-1.2	2,067	64.5360	2,891,158
7	SALAMCRST	21.6	23.4	21.2	21.6	22.8	-1.2	2,090	63.8450	2,842,932
8	MIDLANDBNK	27.1	27.8	26.6	27.1	26.7	0.4	830	50.0830	1,844,369
9	NAHEEACP	21.7	22.7	21.1	21.7	20.7	1	1,861	48.0640	2,197,637
10	BATBC	260.3	268.5	259.8	260.3	267.6	-7.3	2,871	46.6410	178,147
11	FINEFOODS	216	216.4	213.7	216	215.7	0.3	1,120	44.7390	207,744
12	NRBBANK	10.2	10.8	10.1	10.2	10.4	-0.2	1,146	40.6030	3,909,903
13	EASTRNLUB	2	2,347.5	2,212.4	2,227.3	2	-19.7	1,514	37.3910	16,331
14	MIRAKHTER	25.6	26.3	24.9	25.6	25	0.6	1,233	36.2300	1,409,558
15	LOVELLO	79	79.8	77.8	79.2	78.3	0.7	814	35.0280	445,691
16	SONARGAON	38.6	42.4	38.3	38.6	42.5	-3.9	1,675	34.7880	868,453
17	INTRACO	21.4	22	21.3	21.4	21.8	-0.4	736	30.5070	1,415,310
18	BARKAPOWER	11.1	11.5	11	11.1	11.5	-0.4	847	29.8170	2,660,061
19	KBPPWBIL	117.9	121.4	117	117.9	119.1	-1.2	935	29.3890	247,512
20	UTTARABANK	20.3	20.4	20.2	20.3	20.2	0.1	473	27.3000	1,344,653
21	FUWANGFOOD	14.1	14.6	13.9	14.1	14.3	-0.2	844	25.3970	1,784,848
22	BSC	86.3	86.7	86	86.3	86.1	0.2	1,056	24.5930	284,973
23	BESTHLDNG	15.2	15.7	14.9	15.2	14.9	0.3	1,373	23.9010	1,561,725
24	ASIATICLAB	32.6	33.1	31.7	32.6	31.7	0.9	958	23.8630	733,544
25	CITYBANK	18.5	18.8	18.4	18.5	18.6	-0.1	548	23.4360	1,264,776
26	SEMLLECMF	10.6	11.4	10.3	10.6	11.4	-0.8	538	23.1710	2,209,314
27	SEAPEARL	46.8	47	46.4	46.8	46.9	-0.1	515	22.8550	487,993
28	ABB1STMF	4.3	4.6	4.3	4.3	4.5	-0.2	335	21.1390	4,773,624
29	AGNISYSL	25.1	25.3	24.5	25.1	24.5	0.6	667	20.9780	845,325
30	BXPHARMA	84.4	86.5	84.1	84.4	85.3	-0.9	731	20.8790	245,184
31	ORIONINFU	343.9	353.5	342.3	343.9	349.7	-5.8	975	20.6150	59,514
32	BANKASIA	15.2	16.3	15.1	15.2	17.9	-2.7	449	19.1200	1,257,820
33	FUWANGCER	12.9	13.5	12.9	12.9	13.3	-0.4	550	18.7840	1,431,939
34	GP	273.6	275	270	273.6	271.2	2.4	694	18.2080	66,709
35	BPML	32.6	35	32.2	32.6	34.4	-1.8	986	17.7380	525,429
36	SPCL	36.1	37.2	36	36.1	36.7	-0.6	768	17.6360	483,721
37	BDTHAIFOOD	13.9	14.9	13.8	13.9	13.8	0.1	818	17.5000	1,209,854
38	AIL	43.8	45.5	43.4	43.8	44.9	-1.1	1,053	17.4890	394,492
39	EBL	22.4	22.4	22.2	22.4	22.3	0.1	194	17.2800	774,723
40	KPPL	18	19.1	17.7	18	19	-1	1,010	17.0670	929,787
41	STANDARINS	35.6	40.7	35.4	35.6	38.1	-2.5	588	17.0440	452,476
42	RDFOOD	22.2	23	22.1	22.2	22.7	-0.5	673	16.9960	755,143
43	KTL	11.2	11.7	11	11.1	11.6	-0.4	580	16.5710	1,470,464
44	DOREENPWR	23.5	24.5	23.4	23.5	23.9	-0.4	600	16.5670	691,567
45	ROBI	23.1	23.6	23	23.1	23.5	-0.4	901	15.3020	658,712
46	GHAIL	11.7	12	11.5	11.7	11.4	0.3	706	15.2890	1,305,987
47	ABBANK	6.6	6.9	6.5	6.6	6.5	0.1	455	14.8280	2,208,882
48	BDTHAI	11.8	12.4	11.7	11.8	11.9	-0.1	705	14.4260	1,196,714
49	SIBL	8.9	9.2	8.4	8.9	8.4	0.5	442	14.1860	1,567,773
50	GOLDENSON	10.7	11.2	10.6	10.7	11	-0.3	640	13.9760	1,290,826
51	OIMEX	25.9	26.7	25.7	25.9	26.5	-0.6	347	13.8590	530,917
52	EXIMBANK	5.7	6	5	5.5	5.5	0.2	641	13.8040	2,403,470
53	HRTEX	25.2	26.4	25	25.2	26.6	-1.4	827	13.6980	532,436
54	SAMATALETH	54	56.8	53	54	54.8	-0.8	862	13.2210	239,147
55	MONNOFABR	13.2	13.8	13.1	13.2	13.6	-0.4	591	12.9910	968,196
56	SALVOCHEM	19.5	20.3	19.3	19.5	19.3	0.2	644	12.8260	646,371
57	GIB	3.4	3.4	3.1	3.4	3.1	0.3	557	12.7790	3,839,739
58	UCB	10	10.4	9.9	10	10.2	-0.2	411	12.5890	1,245,104
59	FBFIF	3.5	3.6	3.4	3.5	3.5	0	170	12.5320	3,580,571
60	MERCANBANK	9	9.2	8.9	9	9.1	-0.1	229	12.2000	1,351,518
61	RELIANCE1	18.3	18.6	18	18.3	18.4	-0.1	398	12.1930	664,700
62	BENGALWTL	18.3	19.3	18.2	18.3	18.8	-0.5	581	11.9830	642,370
63	MAGURAPLEX	75.3	77.2	74.6	74.9	76	-0.7	747	11.8280	156,507
64	AL-HAJTEX	120.1	124	120.1	122.1	122.8	-2.7	226	11.7880	96,054
65	FIRSTSBANK	4.1	4.1	3.5	4.1	3.8	0.3	334	11.4740	2,947,897
66	EPGL	15.9	16.3	15.9	15.9	16.3	-0.4	616	11.3340	706,152
67	SUNLIFEINS	62.2	63.2	61.3	62.2	61.9	0.3	226	11.1980	179,868
68	DOMINAGE	10.6	11	10.5	10.6	10.8	-0.2	364	10.7480	1,005,407
69	DSSL	9	9.3	8.9	9	9.2	-0.2	370	10.5730	1,166,138
70	ISLAMIBANK	34	34.9	32.7	34	33.5	0.5	516	10.5260	308,269
71	KDSALTD	40.5	41.8	40.3	40.5	41	-0.5	511	9.9890	243,379
72	ICB	45.8	45.8	42	45.8	41.7	4.1	396	9.8650	218,554
73	TECHNODRUG	26.8	27.4	26.7	26.8	26.8	0	431	9.8290	364,966
74	MALEKSPIN	22.5	22.9	22.4	22.5	22.6	-0.1	360	9.6400	426,153
75	LANKABAFIN	15	15.4	14.9	15	15	0	345	9.6100	634,329
76	1STPRIMFMF	18.7	19.3	18.6	18.7	19.2	-0.5	524	9.4710	501,596
77	MONNOCERA	74.6	77	74	74.6	74.6	0	358	9.2470	122,569
78	JAMUNABANK	16.2	16.5	16.2	16.2	16.4	-0.2	339	8.5180	521,233
79	LINDEBD	810.8	828.2	810	810.8	829.4	-18.6	837	8.4560	10,382
80	BBSCABLES	15.6	16	15.3	15.6	15.4	0.2	523	8.3760	537,886
81	SONALIPAPR	131.8	135.4	131.5	131.8	133.7	-1.9	474	8.2720	62,128
82	CRYSTALINS	39	40.6	38.9	39	40	-1	587	8.1880	206,537
83	GPHISPAT	17.4	17.5	17.2	17.4	17.2	0.2	377	7.8250	451,604
84	APEXFOOT	195.6	197.9	195	195.6	195.8	-0.2	247	7.7110	39,268
85	EXIM1STMF	3.9	3.9	3.8	3.8	3.8	0.1	56	7.6890	2,020,076
86	ONEBANKPLC	7	7.3	6.3	7	7	0	232	7.4380	1,055,186
87	RUPALIBANK	18	18.7	17.8	18	18.1	-0.1	359	7.4210	403,801
88	DESHBANDHU	16.8	17.3	16.7	16.8	17.1	-0.3	532	7.3390	434,586
89	LHB	43.7	44.1	43.6	43.7	43.8	-0.1	276	7.2530	165,810
90	ICBSONALI1	5.6	5.9	5.5	5.6	5.8	-0.2	303	7.2200	1,274,806
91	UNIONBANK	3.3	3.3	3	3.3	3	0.3	320	7.1140	2,178,503
92	MHSML	13.5	14.2	13.3	13.5	14.1	-0.6	359	7.0890	514,992
93	NBL	3.8	3.8	3.4	3.8	3.5	0.3	302	7.0770	1,901,489
94	EHL	70.2	70.9	69.5	70.2	69.7	0.5	351	6.9200	98,570
95	CAPITECGBF	7.1	7.3	7.1	7.1	7.1	0	205	6.5950	923,301
96	FAREASTFIN	4.5	5	4.4	4.5	4.7	-0.2	226	6.3530	1,368,020
97	PREMIERBAN	7.6	8	7.5	7.6	8	-0.4	285	6.2810	814,015
98	DHAKABANK	10.1	10.3	9.9	10.1	10	0.1	186	6.2690	617,074
99	CENTRALPHL	9.9	10.2	9.8	9.9	10.1	-0.2	311	6.1640	618,836
100	EGEN	18.8	19.8	18.8	18.8	19	-0.2	362	5.9890	311,727
101	HEIDELBCEM	206.2	208	200	206.2	198.4	7.8	509	5.7660	28,192
102	FEKDIL	14.6	14.9	14.5	14.6	14.7	-0.1	279	5.6760	388,219
103	QUEENSOUTH	11.2	11.7	11.1	11.2	11.3	-0.1	269	5.6550	499,970
104	ETL	8.8	9.1	8.7	8.8	8.9	-0.1	224	5.6200	633,451
105	MEGHNALIFE	44.9	46.2	44.6	44.9	45.7	-0.8	337	5.5900	123,466
106	GLOBALINS	28.1	28.9	27.7	28.1	28.2	-0.1	178	5.2730	187,989
107	BEACONPHAR	107.3	112.2	106.2	107.3	111.6	-4.3	315	5.1380	47,062
108	KARNAPHULI	24.2	24.6	24.2	24.2	24.5	-0.3	231	5.1130	209,892
109	ACMEPL	11.6	12	11.5	11.6	11.8	-0.2	256	5.1080	434,412
110	NAVANAPHAR	48.2	48.8	47.8	48.2	48.2	0	259	4.9880	103,261
111	LIBRAINFU	760.3	771.5	757.2	760.3	760.8	-0.5	564	4.9230	6,456
112	LEGACYFOOT	46.9	49.5	46.7	46.8	48.6	-1.7	413	4.7360	99,213
113	HAKKANIPUL	56.7	58	56.5	56.7	57	-0.3	337	4.7150	82,580
114	SIMTEX	14.9	15.3	14.9	14.9	15	-0.1	197	4.6780	312,243
115	ITC	34.4	35	34.2	34.4	34.7	-0.3	427	4.5780	132,780
116	ESQUIRENIT	21.1	21.7	21	21.1	21.5	-0.4	295	4.4750	210,804
117	SONALIANSH	144.1	147.4	143.8	144.1	145.8	-1.7	485	4.3820	30,207
118	NATLIFEINS	88.7	91.8	88.7	89.4	90.7	-2	203	4.3760	48,524
119	RUPALILIFE	70.8	72.8	70.2	70.8	71.4	-0.6	269	4.3620	61,154
120	FARCHEM	20	20.9	19.9	20	20.4	-0.4	257	4.2080	207,583
121	ILFSL	3.3	3.4	3	3.1	3.2	0.1	213	4.1180	1,319,821
122	SAPORTL	21	21.6	20.8	21	21.2	-0.2	248	4.1100	193,950
123	UNIQUEHRL	32.5	33.2	32.4	32.5	32.8	-0.3	290	4.0280	123,160
124	CENTRALINS	26	28.3	25.6	25.9	26.8	-0.8	212	3.9690	151,843
125	SBACBANK	7.3	7.6	7.2	7.3	7.3	0	237	3.9690	534,755
126	PARAMOUNT	34.2	35.2	33.8	34.2	34.6	-0.4	180	3.9500	114,300
127	GENEXIL	20.7	21.3	20.6	20.7	20.9	-0.2	220	3.8020	182,841
128	COPPERTECH	18	18.6	17.9	18	18.3	-0.3	246	3.7940	208,695
129	MONOSPOOL	76.6	80.7	76.1	77.4	79.6	-3	383	3.7770	48,067
130	CAPMBDBLMF	9.5	9.6	9.3	9.5	9.5	0	93	3.7310	394,734
131	BBS	10.3	10.7	10.2	10.3	10.5	-0.2	184	3.6450	351,155
132	WALTONHIL	393.8	403.8	392.2	392.9	401.2	-7.4	501	3.6230	9,099
133	FORTUNE	14.7	15.3	14.6	14.7	15	-0.3	355	3.5440	236,668
134	CITYGENINS	39.5	39.8	39.2	39.5	39.1	0.4	212	3.4520	87,560
135	DELTALIFE	62.7	63.8	62.6	62.7	63	-0.3	184	3.4390	54,476
136	IBP	9.2	9.5	9.1	9.2	9.4	-0.2	172	3.3970	366,881
137	ACI	162.2	163.9	161.4	162.2	162.3	-0.1	229	3.3810	20,850
138	GLDNJMF	7.7	7.9	7.7	7.7	7.7	0	167	3.2790	423,991
139	NRBCBANK	7.1	7.4	7	7.1	7	0.1	220	3.2790	459,427
140	JHRML	45.1	46.2	45	45.1	45.6	-0.5	229	3.1870	70,379
141	IFIC1STMF	3.7	3.8	3.7	3.7	3.7	0	86	3.1490	849,935
142	CLICL	47.1	48.3	46.5	47.1	46.9	0.2	161	2.9790	62,939
143	CONTININS	21.7	22.3	21.5	21.6	21.7	0	82	2.9480	135,412
144	ORIONPHARM	26.2	26.8	26.1	26.2	26.5	-0.3	255	2.9220	110,439
145	QUASEMIND	31.7	32.2	31.6	31.7	31.5	0.2	247	2.8430	89,410
146	BSCPLC	113.4	118.3	113	113.4	117.8	-4.4	226	2.8190	24,591
147	PADMAOIL	174.9	180	174.7	174.9	175.5	-0.6	219	2.7070	15,292
148	PHPMF1	3.4	3.5	3.3	3.4	3.5	-0.1	105	2.6970	789,669
149	MJLBD	88.8	89.2	88.5	88.8	89	-0.2	180	2.6960	30,402
150	EIL	48.6	50.9	45.5	48.6	49.5	-0.9	240	2.6850	55,276
151	ADNTEL	62	64.9	61.2	62	61.7	0.3	250	2.6770	42,733
152	NTLTUBES	70.6	71.7	70.4	70.6	70.6	0	185	2.6590	37,647
153	SAIHAMCOT	12.4	12.7	12.3	12.4	12.5	-0.1	167	2.6560	213,753
154	PREMIERCEM	46	47.9	45.5	46	46.7	-0.7	286	2.6280	57,102
155	MTB	10.5	10.6	10.4	10.5	10.6	-0.1	65	2.5690	245,563
156	JANATAINS	21.9	22.2	21.9	22	21.9	0	91	2.5630	116,448
157	SILCOPHL	13.4	13.9	13.3	13.4	13.8	-0.4	141	2.5290	187,077
158	SAMORITA	53.6	55.1	53.3	53.6	55	-1.4	138	2.5280	46,824
159	ARGONDENIM	15	15.4	15	15	15.2	-0.2	100	2.4520	162,186
160	ISLAMICFIN	8.7	9.1	8.6	8.7	8.7	0	199	2.4320	274,160
161	GEMINISEA	108	111.5	107.7	108	108.8	-0.8	257	2.3960	22,114
162	KOHINOOR	476	480	465.1	473.6	475	1	281	2.3660	5,012
163	INTECH	18	18.5	17.7	17.8	17.8	0.2	641	2.3380	129,163
164	SHASHADNIM	17.2	17.4	17.2	17.3	17.2	0	102	2.2990	133,045
165	ACMELAB	68.4	68.9	68.2	68.3	68.4	0	142	2.2860	33,417
166	CVOPRL	133.9	135	132.2	132.5	133.9	0	138	2.2790	17,094
167	MEGHNAINS	21.8	22.2	21.7	21.8	21.8	0	228	2.2780	104,189
168	STYLECRAFT	47.9	50.4	47.8	48.1	49	-1.1	237	2.2560	46,630
169	JAMUNAOIL	170.6	171.7	170.3	170.6	170.9	-0.3	211	2.2470	13,161
170	DGIC	23.4	23.8	23.1	23.3	23.5	-0.1	120	2.2340	95,485
171	NHFIL	21.2	22.1	21.1	21.2	21.5	-0.3	165	2.2180	103,635
172	GQBALLPEN	157.1	160.5	157.1	159.3	158.9	-1.8	129	2.1370	13,425
173	ICB3RDNRB	4.7	4.8	4.7	4.7	4.7	0	28	2.1330	453,662
174	ISNLTD	40	41.3	39.9	40	40.9	-0.9	131	2.0790	51,915
175	SINGERBD	101.9	103	100	101.5	101.1	0.8	95	2.0590	20,436
176	POPULARLIF	43.7	44.3	43.4	43.7	43.9	-0.2	158	2.0300	46,320
177	BERGERPBL	1	1,775	1,769	1,774.8	1	0	128	2.0260	1,143
178	SHARPIND	17.2	17.6	17	17.2	17.3	-0.1	167	2.0210	116,914
179	ANWARGALV	54.6	56.2	54.4	54.6	55.1	-0.5	208	2.0140	36,600
180	AFTABAUTO	25	25.6	24.8	25	25	0	164	2.0130	80,412
181	AMANFEED	23.6	24	23.5	23.6	23.7	-0.1	120	2.0030	84,860
182	NCCBANK	10.3	10.3	10.3	10.3	11.4	-1.1	102	1.9950	193,715
183	KPCL	9.6	10	9.6	9.6	9.8	-0.2	138	1.9940	205,764
184	ALARABANK	19.7	21.5	19	19.7	21	-1.3	89	1.9820	99,719
185	IFADAUTOS	22.3	22.8	22.2	22.3	22.4	-0.1	143	1.9740	87,925
186	DELTASPINN	5.4	5.7	5.4	5.4	5.6	-0.2	115	1.9550	356,135
187	BDLAMPS	109.2	110.5	109	109.2	109	0.2	131	1.9450	17,748
188	PUBALIBANK	24.4	24.5	24.2	24.4	24.4	0	124	1.9060	78,172
189	RUNNERAUTO	25.5	26.1	25.4	25.5	25.8	-0.3	120	1.8990	73,955
190	CAPMIBBLMF	8.1	8.5	8	8.1	8.3	-0.2	202	1.8400	227,086
191	MONNOAGML	281.3	287	279	281.3	283.2	-1.9	165	1.8170	6,417
192	PHARMAID	458	463.1	454	456.4	464.5	-6.5	196	1.8150	3,948
193	GRAMEENS2	12.1	12.3	12.1	12.2	12.2	-0.1	57	1.8000	147,991
194	BSRMSTEEL	51.5	52.2	51.5	51.5	52	-0.5	93	1.7610	34,051
195	KEYACOSMET	4.7	4.9	4.7	4.7	4.8	-0.1	186	1.7300	365,254
196	PHENIXINS	24	25	23.5	24	23.5	0.5	30	1.7290	71,691
197	PF1STMF	5.4	5.4	5.2	5.4	5.4	0	55	1.6940	318,125
198	NFML	11	11.3	10.5	11	11	0	183	1.6830	152,010
199	PTL	43.5	44.9	43.4	43.6	43.6	-0.1	54	1.6820	38,616
200	TITASGAS	17.4	17.5	17.1	17.4	17.1	0.3	102	1.6550	95,566
201	RENATA	479	484.5	479	479.3	482.7	-3.7	155	1.6380	3,406
202	DACCADYE	16	17	15.9	16	16.3	-0.3	100	1.6310	101,522
203	SAIFPOWER	7.6	7.9	7.5	7.6	7.7	-0.1	130	1.6290	211,911
204	UNITEDFIN	11.3	11.7	11.3	11.3	11.3	0	168	1.6210	141,478
205	KAY&QUE	188.8	192.6	188.6	189.2	190.5	-1.7	151	1.6150	8,501
206	MPETROLEUM	199.2	199.4	198	199.2	199.6	-0.4	77	1.6060	8,082
207	OLYMPIC	144.7	144.9	143.2	143.8	143.8	0.9	112	1.5960	11,106
208	SICL	19.9	20.5	19.8	19.9	19.8	0.1	110	1.5940	79,855
209	CNATEX	3.2	3.4	3.2	3.2	3.2	0	97	1.5830	488,162
210	SQUARETEXT	46.6	48.5	46.4	46.6	47.4	-0.8	174	1.5690	33,446
211	SHEPHERD	16.8	17.1	16.7	16.8	16.9	-0.1	79	1.5540	92,716
212	ENVOYTEX	40	40.5	39.7	40	40.1	-0.1	87	1.5510	38,766
213	STANDBANKL	5	5.1	4.9	5	5	0	94	1.5240	304,220
214	WMSHIPYARD	8	8.2	8	8	8.2	-0.2	126	1.5070	186,759
215	PEOPLESINS	25.5	26.4	25	25.3	25.5	0	89	1.5020	59,135
216	CONFIDCEM	47.6	48.3	47.6	47.6	48	-0.4	121	1.4730	30,758
217	PROGRESLIF	50.8	53	49.5	50.8	51.7	-0.9	277	1.4710	28,514
218	POWERGRID	30.8	30.9	30.5	30.8	30.8	0	67	1.4640	47,644
219	PRAGATILIF	81.1	83.8	80.2	81.1	83	-1.9	126	1.4630	18,012
220	LRGLOBMF1	3.7	3.9	3.6	3.7	3.8	-0.1	21	1.4610	393,349
221	SINOBANGLA	38.9	39.6	38.6	38.9	38.7	0.2	116	1.4450	37,111
222	SOUTHEASTB	7.8	8	7.7	7.8	8	-0.2	121	1.4290	182,316
223	RAHIMAFOOD	67.7	69	67.4	67.7	68.2	-0.5	108	1.4250	21,081
224	AAMRANET	16.1	16.3	16	16.1	16.1	0	88	1.4110	87,367
225	SHYAMPSUG	132.5	135.9	132.5	132.5	132.5	0	124	1.3750	10,338
226	1JANATAMF	3.4	3.6	3.4	3.4	3.6	-0.2	69	1.3710	396,017
227	TRUSTBANK	19.2	19.5	19.1	19.2	19.3	-0.1	78	1.3560	70,556
228	POPULAR1MF	3.5	3.6	3.5	3.5	3.5	0	37	1.3430	383,713
229	AMBEEPHA	753	755	738.3	742.4	744.7	8.3	121	1.3150	1,763
230	IDLC	26.4	27.6	26.3	26.4	26.7	-0.3	135	1.3150	49,728
231	TRUSTB1MF	3.7	3.8	3.6	3.7	3.7	0	57	1.2740	344,467
232	NEWLINE	6.5	6.8	6.5	6.5	6.7	-0.2	128	1.2710	193,591
233	BSRMLTD	71.2	71.9	70.2	71.2	70.5	0.7	104	1.2430	17,490
234	METROSPIN	10.7	11	10.3	10.7	10.5	0.2	77	1.2290	115,872
235	ADVENT	13.2	13.4	13.1	13.2	13.4	-0.2	92	1.2170	91,946
236	PRIMEFIN	4.5	4.7	4.4	4.4	4.5	0	54	1.1920	266,593
237	DBH1STMF	4.4	4.5	4.3	4.4	4.4	0	50	1.1840	269,233
238	EBLNRBMF	3.7	3.8	3.7	3.7	3.7	0	29	1.1720	316,743
239	PRIMELIFE	31.5	32.2	31	31.3	31.5	0	110	1.1680	37,254
240	UPGDCL	116.8	118	116.8	117	117.6	-0.8	131	1.1330	9,664
241	TOSRIFA	18.5	18.8	18.4	18.5	18.5	0	120	1.1190	60,147
242	MARICO	2	2,348.4	2,348.3	2,348.3	2	-123.6	83	1.1150	475
243	NPOLYMER	26.8	27.3	26.7	26.8	26.6	0.2	113	1.1140	41,443
244	BDCOM	22	22.4	22	22	22.1	-0.1	96	1.0980	49,703
245	RAKCERAMIC	18.2	18.5	18.1	18.2	18.5	-0.3	145	1.0800	59,292
246	EBL1STMF	4.2	4.3	4.1	4.2	4.2	0	42	1.0590	251,861
247	AOL	13.9	14.3	13.8	13.9	14.1	-0.2	57	1.0390	74,715
248	SIPLC	41.8	42.5	41.4	41.8	41.4	0.4	147	1.0210	24,338
249	MATINSPINN	42.7	43.3	42.6	42.7	43.1	-0.4	126	1.0070	23,481
250	BDFINANCE	8.1	8.2	7.8	8	8.1	0	70	0.9990	125,268
251	PIONEERINS	35.7	35.8	35.5	35.5	35.5	0.2	84	0.9960	28,012
252	SILVAPHL	9.7	10.2	9.7	9.8	9.9	-0.2	77	0.9670	97,075
253	BANGAS	85.5	86	85.3	85.5	85.5	0	84	0.9590	11,205
254	BNICL	35.1	35.9	35	35.2	35.9	-0.8	94	0.9580	27,169
255	ARAMITCEM	11.8	12.4	11.6	11.8	12.3	-0.5	130	0.9440	79,394
256	BAYLEASING	4.9	5.2	4.8	4.9	5	-0.1	69	0.9430	189,309
257	HAMI	104.5	105.5	102	104.5	105	-0.5	40	0.9410	8,949
258	ICBAMCL2ND	6.2	6.3	5.8	6	6.2	0	75	0.9250	155,044
259	ICICL	19.9	20.2	19.8	19.9	19.8	0.1	93	0.9230	46,104
260	EMERALDOIL	20.5	20.9	19.7	20.2	20.4	0.1	145	0.9230	45,873
261	DUTCHBANGL	38.3	38.5	38.1	38.3	38.2	0.1	85	0.9220	24,110
262	SEMLFBSLGF	5.4	5.5	5.3	5.4	5.4	0	38	0.9130	169,469
263	BATASHOE	827	841.2	827	827.6	859.6	-32.6	123	0.9130	1,097
264	PRIMEBANK	21.8	22.2	21.7	21.8	22	-0.2	66	0.9080	41,595
265	SUMITPOWER	13.5	13.6	13.4	13.5	13.5	0	136	0.8830	65,355
266	RECKITTBEN	3	3,288	3,260.1	3,281.9	3	21.9	79	0.8720	266
267	ICBIBANK	2.9	3	2.8	2.9	2.8	0.1	55	0.8680	294,831
268	LRBDL	13.6	13.7	13.5	13.6	13.6	0	72	0.8650	63,675
269	PROVATIINS	27.3	29.2	27.1	27.3	27.4	-0.1	103	0.8630	31,741
270	UNIONINS	25.4	26	25.3	25.4	25.9	-0.5	108	0.8400	32,932
271	REPUBLIC	24.5	26	24.4	24.5	25	-0.5	56	0.8380	33,596
272	ALIF	5.7	5.8	5.6	5.7	5.8	-0.1	112	0.8240	143,928
273	GENNEXT	2.7	2.8	2.7	2.7	2.7	0	51	0.7810	288,850
274	ANLIMAYARN	21.6	22.8	21.6	21.9	22.4	-0.8	34	0.7690	34,205
275	ASIAINS	24	24.9	24	24	23.9	0.1	43	0.7690	31,900
276	DSHGARME	59	61.6	59	59.6	61.5	-2.5	134	0.7670	12,633
277	SANDHANINS	17.5	17.8	17.5	17.5	17.6	-0.1	97	0.7650	43,395
278	FAMILYTEX	2.3	2.3	2.2	2.2	2.3	0	111	0.7600	343,568
279	ATLASBANG	59.2	60.1	58.5	58.7	60.4	-1.2	102	0.7260	12,251
280	PENINSULA	10.6	11	10.6	10.6	10.6	0	49	0.7230	67,465
281	NAVANACNG	18.4	18.9	18.1	18.5	18.6	-0.2	79	0.7150	38,707
282	FEDERALINS	17.2	17.5	17.2	17.2	17.4	-0.2	40	0.7030	40,648
283	RELIANCINS	49.4	50.4	48.5	48.7	49.1	0.3	110	0.6810	13,805
284	PADMALIFE	19.3	20.4	19.1	19.3	19.8	-0.5	42	0.6760	34,923
285	IBNSINA	280.9	285	280	280.9	280.9	0	57	0.6110	2,174
286	APEXTANRY	61.7	63.8	61.7	62.6	63.3	-1.6	58	0.5770	9,212
287	UNIONCAP	4.3	4.4	4.2	4.2	4.3	0	104	0.5620	131,918
288	SHURWID	6.4	6.5	6.3	6.4	6.5	-0.1	45	0.5450	85,464
289	RSRMSTEEL	9.7	10	9.7	9.8	9.9	-0.2	44	0.5400	55,297
290	SSSTEEL	5.6	5.7	5.5	5.6	5.5	0.1	91	0.5370	96,350
291	RINGSHINE	3.2	3.3	3.1	3.2	3.2	0	66	0.5160	161,364
292	ASIAPACINS	28.2	30.1	27.7	27.7	28.1	0.1	48	0.5120	18,294
293	BGIC	28	29.2	27.9	28	28.4	-0.4	90	0.5110	18,149
294	RAHIMTEXT	100	102.5	100	101.2	101	-1	34	0.4970	4,921
295	RUPALIINS	19.7	20	19.6	19.7	19.7	0	39	0.4880	24,747
296	ZAHEENSPIN	5.8	5.9	5.7	5.8	5.8	0	42	0.4860	83,422
297	DESCO	22.3	22.8	22.1	22.3	22	0.3	55	0.4840	21,682
298	SAIHAMTEX	12.5	12.9	12.4	12.5	12.6	-0.1	53	0.4750	37,895
299	ACIFORMULA	120.8	125.9	120.1	120.8	123	-2.2	77	0.4700	3,887
300	PHOENIXFIN	3.6	3.7	3.5	3.6	3.6	0	28	0.4680	130,518
301	DHAKAINS	33.7	34.3	33.4	33.6	33.5	0.2	53	0.4610	13,690
302	NITOLINS	23	23.5	22.6	23	22.7	0.3	22	0.4500	19,544
303	ACTIVEFINE	8.2	8.5	8.2	8.2	8.3	-0.1	43	0.4400	53,257
304	MIRACLEIND	24.1	24.7	23.6	23.8	24.2	-0.1	95	0.4260	17,845
305	BDWELDING	9.1	9.5	9.1	9.2	9.3	-0.2	35	0.4140	45,131
306	IFILISLMF1	4.2	4.3	4.2	4.2	4.3	-0.1	29	0.4050	95,141
307	VAMLRBBF	5.9	5.9	5.7	5.8	5.8	0.1	36	0.4040	70,500
308	GBBPOWER	7.4	7.5	7.3	7.4	7.4	0	33	0.4030	54,365
309	OAL	7	7.1	6.9	6.9	7	0	48	0.4020	58,103
310	PDL	5.9	6	5.8	5.9	5.9	0	37	0.3990	67,729
311	BDAUTOCA	82.8	87	80.1	82.8	86.8	-4	54	0.3980	4,758
312	AMCL(PRAN)	201.3	206.4	201.1	201.3	201.5	-0.2	34	0.3960	1,964
313	MLDYEING	8.1	8.3	8.1	8.1	8.2	-0.1	41	0.3880	47,491
314	YPL	10.2	10.5	10.2	10.2	10.4	-0.2	42	0.3790	36,961
315	APEXFOODS	173.1	184.8	171.1	173.1	176.1	-3	103	0.3710	2,135
316	AZIZPIPES	44.6	44.8	44	44.4	44.5	0.1	80	0.3660	8,251
317	GSPFINANCE	4.7	4.8	4.6	4.6	4.7	0	43	0.3610	77,310
318	MAKSONSPIN	5.7	5.8	5.5	5.7	5.6	0.1	56	0.3460	61,278
319	NTC	150.7	154	149	150.7	154	-3.3	73	0.3440	2,268
320	FIRSTFIN	3.9	4	3.7	3.9	3.8	0.1	66	0.3420	89,796
321	SONARBAINS	21	21.7	20.7	20.8	21	0	53	0.3350	16,089
322	GHCL	19.1	20.4	19.1	19.1	19.5	-0.4	83	0.3330	17,313
323	ECABLES	104	107	104	104.2	104.6	-0.6	40	0.3210	3,069
324	SHAHJABANK	16.5	16.8	16.5	16.6	16.6	-0.1	48	0.3090	18,549
325	INDEXAGRO	60	60.8	60	60.2	60.4	-0.4	41	0.3040	5,022
326	GREENDELMF	4	4	3.9	4	3.9	0.1	16	0.3020	76,110
327	ACFL	14.5	14.7	14.4	14.5	14.4	0.1	59	0.3000	20,671
328	TILIL	36.5	37.4	36.4	36.4	36.6	-0.1	76	0.2840	7,747
329	UNITEDINS	33.9	35.6	33.8	33.9	33.8	0.1	61	0.2780	8,213
330	AGRANINS	22.5	23.3	22.4	22.5	22.8	-0.3	43	0.2700	11,902
331	JMISMDL	121.7	122.9	121.6	122	121.6	0.1	48	0.2690	2,204
332	ISLAMIINS	37	37.8	36.9	37	37	0	31	0.2690	7,260
333	APOLOISPAT	3.4	3.5	3.4	3.4	3.4	0	29	0.2590	75,835
334	PRIME1ICBA	5.1	5.2	5.1	5.1	5.2	-0.1	27	0.2580	50,556
335	ICBAGRANI1	6.7	6.7	6.7	6.7	6.7	0	31	0.2410	35,900
336	DAFODILCOM	58.7	59.3	58.1	58.7	58.1	0.6	27	0.2380	4,053
337	FAREASTLIF	25.6	27	25.5	25.6	25.9	-0.3	29	0.2370	9,260
338	ARAMIT	150.8	151.9	148.3	150.8	150.5	0.3	36	0.2360	1,574
339	RANFOUNDRY	130	134.7	130	130.6	130.3	-0.3	42	0.2360	1,802
340	APEXSPINN	81.6	83.7	81.5	81.6	82	-0.4	42	0.2240	2,746
341	MBL1STMF	4.4	4.5	4.3	4.3	4.4	0	12	0.2220	51,265
342	SONALILIFE	46.9	47.4	44.2	44.9	45	1.9	29	0.2190	4,870
343	WATACHEM	97.7	100	97.5	97.7	100.1	-2.4	23	0.2120	2,170
344	AAMRATECH	11.4	11.6	11.1	11.4	11.4	0	46	0.2100	18,581
345	EASTLAND	17.4	17.5	17.3	17.4	17.4	0	46	0.2060	11,865
346	SAFKOSPINN	9.8	9.9	9.6	9.7	9.8	0	21	0.2050	21,166
347	UTTARAFIN	12.2	12.8	12.2	12.4	12.3	-0.1	29	0.2000	16,102
348	AIBL1STIMF	6.7	6.8	6.5	6.7	6.7	0	28	0.1970	29,445
349	TUNGHAI	2.8	2.9	2.6	2.8	2.8	0	25	0.1940	69,337
350	ZAHINTEX	4.2	4.3	4.2	4.2	4.3	-0.1	56	0.1940	45,554
351	TALLUSPIN	4.9	5	4.8	4.9	4.9	0	47	0.1810	36,888
352	PRIMEINSUR	26	27.8	25.5	26.4	27.8	-1.8	18	0.1790	6,786
353	ICBEPMF1S1	5.1	5.3	5	5.1	5.1	0	14	0.1780	35,128
354	JUTESPINN	192.9	193.6	190.5	192	197.5	-4.6	47	0.1760	915
355	MIDASFIN	7	7	6.9	7	7	0	45	0.1580	22,571
356	NORTHRNINS	24.9	25.9	24.7	24.9	25.7	-0.8	24	0.1560	6,263
357	SKTRIMS	9.4	9.7	9.3	9.4	9.1	0.3	42	0.1560	16,492
358	AFCAGRO	7.8	7.9	7.6	7.6	7.7	0.1	35	0.1550	20,272
359	FASFIN	3.4	3.6	3.4	3.4	3.4	0	27	0.1440	42,036
360	SEMLIBBLSF	6.7	6.7	6.6	6.7	6.7	0	10	0.1410	21,144
361	VFSTDL	6.7	6.8	6.6	6.7	6.6	0.1	26	0.1210	18,212
362	GREENDELT	38	38.9	38	38.1	38.1	-0.1	21	0.1100	2,885
363	PREMIERLEA	3.1	3.2	3	3.1	3	0.1	29	0.1090	35,068
364	UNILEVERCL	2	2,176.8	2,103	2,127.2	2	26.2	7	0.1080	51
365	MEGHNAPET	20.1	21.4	19.9	20.1	20.3	-0.2	36	0.1050	5,217
366	CROWNCEMNT	44.6	45.2	43.2	44	43.9	0.7	27	0.1030	2,368
367	VAMLBDMF1	6.2	6.4	6.2	6.3	6.5	-0.3	15	0.0950	15,005
368	NORTHERN	90.3	92	90	91.5	92.3	-2	24	0.0930	1,010
369	MEGCONMILK	18	19.5	18	18.3	19.1	-1.1	30	0.0880	4,812
370	PRIMETEX	11.8	12.2	11.5	11.8	11.9	-0.1	77	0.0860	7,341
371	ALLTEX	9.8	10	8.8	9.7	9.6	0.2	24	0.0810	8,313
372	REGENTTEX	3.2	3.3	3.2	3.2	3.3	-0.1	25	0.0780	24,220
373	NURANI	3.1	3.3	3.1	3.2	3.1	0	17	0.0680	21,500
374	ZEALBANGLA	82.2	87.1	82	82.2	87.1	-4.9	16	0.0640	775
375	BIFC	6.2	6.5	6.1	6.2	6.2	0	14	0.0550	8,838
376	PURABIGEN	16.3	16.6	16.2	16.4	16.4	-0.1	32	0.0540	3,323
377	NCCBLMF1	5.1	5.2	5.1	5.1	5.1	0	12	0.0460	9,097
378	MITHUNKNIT	14.8	15.4	14.8	15	15.2	-0.4	18	0.0460	3,050
379	DULAMIACOT	66	68	66	67.6	66.2	-0.2	9	0.0440	645
380	PRAGATIINS	44.5	49	44.5	45.2	45	-0.5	19	0.0380	844
381	MEGHNACEM	37.4	37.5	36	36.3	37.6	-0.2	35	0.0320	888
382	RENWICKJA	638.5	669.5	609	656	623	15.5	6	0.0310	47
383	TAMIJTEX	98	98	96.7	98	97.5	0.5	10	0.0270	276
384	USMANIAGL	32.3	33	32.2	32.6	32.1	0.2	9	0.0270	839
385	STANCERAM	57.8	57.8	57.4	57.7	57.8	0	13	0.0240	409
386	HFL	7.9	8	7.8	7.9	7.9	0	13	0.0180	2,328
387	TAKAFULINS	32.2	32.2	31.4	31.7	31.9	0.3	13	0.0110	333
388	PLFSL	0	0	0	2.1	2.1	--	0	0.0000	0
389	DBH	0	0	0	33.4	33.4	--	0	0.0000	0
390	HWAWELLTEX	39.7	40.9	39.7	39.8	39.7	0	3	0.0000	11
391	ATCSLGF	0	0	0	7.5	7.5	--	0	0.0000	0
392	IPDC	0	0	0	14.4	14.4	--	0	0.0000	0
393	BEXIMCO	110.1	110.1	110.1	110.1	110.1	0	2	0.0000	2
394	EASTERNINS	0	0	0	39.1	39.1	--	0	0.0000	0
395	SAVAREFR	0	0	0	215.5	215.5	--	0	0.0000	0
396	MERCINS	0	0	0	23.7	23.7	--	0	0.0000	0
397	BDSERVICE	0	0	0	5.2	5.2	--	0	0.0000	0
